5113
65110
65641
77013
83927
84369
101299
233818
271199
386372
3064985
5495243
6581511
6933152
7114825
7823549
8665876
9565574
9791892
10365343
11233988
11340586
13340040
13579626
16111679
16137702
16304482
17182421
17331483
17407748
17571140
17660979
18079501
18774020
20935171
22107214
23258847
23278532
23546848
23602562
23636581
23637440
23848452
24397040
24548235
28101540
28814844
3758
49011
112754
223380
261689
674220
7493186
8663392
9542582
10662433
11330361
12665819
12710106
13421072
13516846
13595639
13600168
15753977
15850937
16093188
16101040
16141092
16142053
17166702
17285883
17368138
17824638
18053135
18601430
20359781
20821306
20945757
21851568
23337863
23437291
24911006
25897792
26135825
26236956
27213238
30415154
30689335
4948
37743
53835
60925
119073
242006
407813
2200877
3238153
3722183
6471550
7767021
9415946
9662386
9758765
10431447
10783217
11746513
12382340
12700306
17239876
17402605
17880714
18049084
18369048
18680106
18725742
20912424
21491731
22692740
23209924
25188109
25209521
25868918
28512548
2175
5091
16788
17716
29059
306364
2241059
2731276
5153799
5303373
6368611
7098304
7723926
7989800
9722219
9917957
11045338
12446825
13018503
13536858
16045315
16130758
16156709
17970255
18144053
18815522
20814993
22152589
22535481
22914373
25020381
25056216
25064648
25904855
26047438
28161530
34044126
15241
17214
18254
68783
77523
84151
435045
1611656
3115070
6609758
6614960
7159515
8101452
8843801
9317452
9795263
10599805
11084145
12478533
13573795
15743650
15808767
17225311
17880708
19095025
20454076
24909346
25546167
26089799
26864835
3273
9844
12497
77565
84145
138396
4701550
6353014
6931246
7129588
7726420
8712343
11275323
11864728
12710035
13061255
16001443
16101023
17415882
17572903
17828895
18052619
18308266
18340210
18681804
20827363
20876097
23019291
23507745
23666139
25430248
28214365
30030950
33140405
12691
12985
34507
61179
71865
104379
2977487
6080889
6580510
6950688
7781699
7805064
8477057
8573020
9578482
10800916
11774272
12716613
12973964
12991245
13369678
17316770
17788681
17883712
17928147
18309803
18599754
18626111
18746504
20557510
23278537
23381006
24002318
30037870
30065028
23772
29981
37732
91475
121749
172327
331830
568645
3992598
6686092
6917952
7247856
8496901
8573632
10790277
11100431
12139510
13454149
15837671
16172638
17159943
17236366
17258795
17277800
17443673
17667561
18009950
18656030
19059695
20821294
21421609
22447220
23253863
23430471
23444482
24338298
25573737
26082188
30285562
31450752
33280872
27000
63697
166997
1830755
2921082
3398625
6065182
6345760
6457229
6948436
7779059
7825557
8928054
10188580
11235783
11882171
13323842
13489925
13931214
14061520
15721638
16173427
17210471
17333230
17345314
17731926
17830559
18080889
18106985
19364719
21411062
21942340
22431039
22888864
23492533
29430013
32620332
18512
30262
162089
462033
1316617
4134071
6710476
7042434
7507944
12384681
13401993
13494365
15819003
16150996
17334074
17566814
17571907
17611379
18285437
18360175
18464441
18687114
20696006
20896313
22448211
22749539
28960100
29640839
30038855
4980
14383
262430
349347
853510
1096390
4078927
6289283
6811150
7476122
7857195
13330370
13438524
13507212
13507512
15702268
17374029
18481271
18619684
18751827
20697435
20922826
23164927
23381007
25067046
28449270
28815371
31338724
31434883
33917
113791
2115046
3591262
3817859
6698199
6933141
7710333
8543252
11115457
13482750
16045088
16056862
16059149
17352874
17573559
17671483
17833493
17844678
17973653
18001399
18068907
18739485
19346451
22341276
22717015
22724488
22926494
23310763
33259027
34076952
12543
13872
52397
64216
117833
317282
6219656
7124095
10425811
10762469
11731861
12640578
12891107
12900491
12926132
15544715
16062210
16221851
17159944
17167042
17465574
17908462
18136549
18249281
19504931
21400356
22571663
23131088
23203252
23358109
23594461
25817310
10614
13651
40445
47956
49130
78433
83144
414999
5152561
6178648
6424171
6604712
8720917
9462775
17118893
17571215
17786125
17860739
17999935
18180495
18343413
21839603
22754100
22839846
25293695
25982869
30325011
60929
61975
78129
140225
263179
480204
5047880
6277410
6760761
8785374
8811139
9665450
10429067
13043180
13069681
13538708
15749887
15769788
15778138
15803757
15826648
16240497
17262155
17267122
17904985
18315788
23281652
23337872
25128811
25734248
29363501
16243
105574
261122
395922
1857440
6056520
6380296
8935689
11382346
12109772
12989112
13170596
13621089
15062217
15755296
15835685
15981894
17165932
17347634
17876897
18007533
18816603
20359719
20814989
22098550
26827731
27152124
29559052
30179647
30731416
6310
8695
16343
16703
19380
64207
352262
386187
747746
2866718
5598113
7141642
7963136
9415951
9424367
10429836
10479750
10508431
10586539
13241659
13246997
15726915
16114862
16159276
17254055
17306293
18655937
22428707
22529162
23369370
23380998
25243735
27245997
27872890
5526
8909
10967
24583
34494
52357
58345
68487
2948832
3295695
4497978
7314827
8652190
9674335
11044367
12680998
12925063
13184992
13261812
15717721
16158558
17284874
17332551
18107951
18770398
20426917
20575425
22501055
25944381
27794073
30747137
4395
167010
395871
1451694
3362870
3657138
6782468
6957682
7920450
11262424
11487807
12027429
12119496
12988016
13420351
15034320
17447588
17828418
20877902
22075732
24903031
25573701
29058155
29381926
2612
15197
374855
1358844
6953500
7933292
8138071
8158992
9412471
13299211
13411245
16102412
16171291
17257990
17332968
17927559
23125266
23312692
27999771
28114396
31952703
17184
286957
1379961
2595138
2845024
6264710
6648020
7879278
9165406
12059093
13154150
15937108
16062211
16069024
17343391
17571466
18089551
18746546
20332278
21853633
22571552
24490481
25251757
25785357
7763
14064
30324
70401
119787
187811
270805
289601
337907
2495567
2498983
4954833
6890220
8803932
10535458
10552338
10913887
12799420
16182304
17210470
17235347
17665083
17950614
18053782
21473305
22294935
22817331
23131087
23398894
25184383
25817407
35404657
667
183660
248484
268601
2169506
6382879
6527841
6547259
9647532
9807262
12157407
15754052
16067008
16131032
16158542
18196040
18803640
21411902
23149128
25740412
28762820
31176886
5890
9014
86451
769483
7198269
7617119
7812659
9064899
9962040
10744752
11264999
13111733
13330761
13639050
15750874
16061295
21469090
22922356
26224667
7144
60748
943402
9799572
10031259
10561549
10765906
11529868
13481275
15797848
17838475
17855756
20409231
25526965
25574782
27263454
28220826
1852
5439
13376
45162
61886
104089
135479
977841
2754510
4570679
6393972
7849034
10118172
11201007
12700337
13418864
15799166
16068910
17322949
17413427
18007535
18090147
23228585
23514316
23569428
24001095
25657772
26795352
31145133
2052
16200
42156
156538
458034
902715
7417780
7519231
7948945
11765920
13316328
13496738
13638570
15753740
17230557
18071296
20640318
23604559
25324111
25750546
28965131
295
4989
41804
73086
547094
6931344
9634967
11746102
13042154
13508607
13539191
15704458
17032328
17204860
18038459
18077752
18138948
20662728
23830990
25056528
31423196
3008
5148
12996
27712
45112
138202
7802254
10662420
11544466
12820360
13490570
13611052
14744489
15790883
16101018
22453035
23447923
27276318
28448287
29430012
11275
213647
927979
3521484
4836308
8135807
9858517
10421530
10429025
12444298
13065142
13239822
13489922
16070018
16081754
16119079
16136959
18528454
23398606
23438288
23617709
25074850
25772000
25912358
26242354
27797842
30134847
30269126
44170
110384
233649
239399
259028
402013
421129
5585788
6547260
7171748
7491418
7743783
7912007
7942786
12411635
12813860
13533758
15728577
16059492
17766752
18282724
18652002
22324683
22698569
23492661
25467698
28110852
30969741
32848471
11590
425377
2299110
4020390
6400090
6763961
8563789
10165761
10560331
13555073
17185496
18052136
18190208
18718848
20821376
23014670
29939047
31538614
37415
84119
140075
544424
861326
2999475
5618698
6782465
6837103
7202841
7905092
9442157
11387392
11947156
12551077
12743472
16100972
16124019
16279856
17377032
18129852
18333898
22504701
23309634
23533039
23844390
25066780
25507389
3980
9777
84981
215643
3798703
7904453
8182682
8341567
8584686
10813469
11445880
11836538
13549218
13624688
17262203
17948485
18667769
18809475
18812437
19487009
22040598
22062213
23367261
23395763
29093326
13929
14069
14995
32261
6905534
9265453
9436632
10757806
11356211
12637458
13360101
17316075
17560674
22296542
23381012
24950568
25187640
27969081
28698036
35504431
662
14866
44652
338691
1672727
3128411
6777616
10710392
11457525
12958487
13065327
13503109
15724338
16070143
17257993
18459855
21794306
24365190
25711641
27158835
30821598
37190
91474
827412
1326258
7130616
9461872
10054335
13402447
13418925
13453301
13455112
16033902
17910124
22557520
23688792
26109391
332613
693016
944076
1971304
5126859
8428069
10596724
10637959
10852343
11607446
13452375
13580951
16139641
17156015
17325147
18079683
20638291
22522202
26252659
28561501
28954137
21611
334123
608474
5971165
7649340
9409469
13345975
16248223
20983366
21936809
23209927
25853351
28449257
28818314
30145666
6327
9712
402045
3475161
6506307
7008041
7541858
8204005
9256414
10813480
10866233
11098871
13190596
13569581
17984141
18221931
18505845
18656036
22551730
24199806
29991718
3876
8921
40102
67513
164154
5776788
9548964
9640626
12844699
12851538
13146214
13602426
15781026
15801353
17455811
17997353
18467802
18693621
19504964
21857294
22669832
23262621
23399192
23493256
29104680
41424
150739
268602
452306
1295102
7405450
8564935
12970552
13419891
13640229
16085481
17730586
17899948
18075234
21843117
31145148
29127
57891
6134826
7863274
17255265
17297487
19288239
21956060
23545800
23943137
25056208
28016509
33288638
6319
68210
85990
256566
310612
8419428
12985143
13546173
17285330
20911450
21981841
24921954
28220892
343
2233407
3428935
5231173
6316171
8074967
9972882
11227043
11945589
12982393
13477819
14748094
17668473
17798233
18105011
20980373
21469060
23355896
26153925
30165203
43889
52036
65119
131123
6289920
9595620
10138607
11455096
11665750
13132661
13624367
13641208
17790188
20821043
20980648
23346377
23380999
27422533
4406
16328
26582
76778
133518
6380822
7059135
8070049
10433900
12578305
13445306
17406183
17798649
18052934
25613472
350
5094
18122
18342
251688
2722413
5082599
6393631
6609765
10165727
11806716
12881141
15830843
16052012
18829666
20605274
320
188230
2761356
7165300
7821447
9436924
11402002
12568505
13493463
13580928
15742039
15818969
15852756
16114861
18296030
18490681
21849362
22892122
23212667
23341855
23480844
30258320
13615
153747
248596
6120349
7285601
9717320
10757833
11389398
12995284
15801763
16164271
16175040
18401393
21899546
23566909
31538647
45978
60400
6063187
7827221
8680417
8694389
11738128
13281368
13636400
15861491
17259690
18782855
20706317
23546843
3985
21686
33456
43448
359410
3112850
8843789
8884616
10838776
13601681
17230559
21437200
26074170
28815474
30688435
4325
99383
6871616
7263429
10193062
10790516
17134589
18392459
18966322
19367070
20803953
20821087
22836575
12948
14891
24280
2113260
2813153
8603765
10222362
12287209
12578313
15793231
16113606
17825503
17901125
18285151
21943246
24388326
4965
17683
140079
3407877
6006518
6566722
10996342
12908877
13246736
15752757
17455817
17563539
19501672
23128304
23492288
23848145
24187925
24453082
25893709
14461
96358
114162
170210
6388558
9403947
10174795
12591698
13528340
16071764
18739426
23019294
13152
55399
2248573
4327066
6065215
7992995
8130839
13424032
13486632
13565676
17332564
17333174
17449417
22752127
23381014
25899336
1420
80660
6472451
6611038
11516221
12971616
13614836
15826934
16158596
17228280
17876893
18163646
22054340
22295304
3867
28676
28921
34268
9975679
13112915
13576132
15757434
15790894
17798287
18630542
18775203
22522805
30831912
10956
31122
65112
893136
5292853
7558747
7743175
7863423
8449698
8546358
10335701
17234659
17703290
18076876
25014114
25828204
29906980
16304
127459
3389671
8041873
11324166
13522957
16718083
17158596
18602341
6149
7244
13928
68494
91479
6696602
8299165
15815333
15817361
17262303
17317675
23215471
23766623
24431358
33151805
65605
332775
3863861
6547187
6624871
8113512
20572939
22062202
25164304
30839185
31450908
32078787
2956
40159
1828067
10327303
18468559
22571699
23285659
9416
38990
3367956
6202342
6224935
10428803
12893742
16068341
16069167
18170039
24504274
25756328
26074185
29981261
31538635
493456
2321296
4703581
5161066
7285498
7801229
11230081
13415554
15505346
15776309
15813668
17254035
23252517
5826
9791
30281
77773
243272
556602
676924
3697927
7954556
8662836
15513156
18045891
20701984
22021611
22929578
23204215
30809689
2526
11486
2261214
6555517
7981206
12288282
13412515
13605727
15717876
15783307
15944406
21823465
22020052
22839894
28587957
10441
10988
7093952
7157310
9595650
9938498
13547180
15993374
16071745
22923997
25802884
27827203
1622
7967
46777
119324
6839093
11595276
12663646
7061
17231
25373
29396
8069828
11045709
15714476
16101168
17262236
17380041
17833099
26025989
26836910
28262024
29939048
37781
7930335
10048874
15703770
17977710
20348781
23122175
24499258
28110143
30687916
32796253
9118135
9680114
20170296
20617636
22510983
23314731
23732096
24376529
5981872
6469165
7060582
7823038
10763598
15723286
16117506
18077769
18079719
20761374
20829029
23346358
25564446
28477789
15931
23754
38980
140082
793399
6319978
8087906
9850443
17792606
18134894
22895264
27083865
28181315
28597587
29541818
33722
84136
12104686
13147230
20613920
23302416
24666002
25663637
25816688
29236298
29610595
33385229
438492
6642402
12837725
13069935
17936925
23363928
23403402
25781157
26245850
13831
24800
6665671
10506237
13330943
13436373
13638020
16070521
17333171
17342700
17831614
18341046
22303684
23127048
29844228
1103
4900
24178
51428
6369113
9918083
11367726
13486122
15792316
17375956
25671827
33643994
2839
8852
18423
11227040
12977172
13641105
16134551
19174917
28686840
12873
854757
1268479
8288246
10757771
13449677
23310751
24886016
26228034
27015399
29437949
29939390
24983
34497
6001758
9815702
13638131
16140408
20174424
20640755
6900
485894
5391115
6582637
8429687
12390650
13125234
18498569
19103097
22428828
22471294
22571275
23587120
5805
153008
227443
10970532
11715276
18079527
19549841
22328
704043
6585201
9067850
12753231
13722513
15790837
27161156
4929
29579
156534
216363
7826116
13115995
13586707
15832932
17302495
22816087
25785993
11297
18405
37470
72193
6261189
10964693
12458287
17162156
18775297
12930
6101138
6357708
6871617
11561469
11958033
17558817
18461986
22429350
25776210
22205
179064
743599
1812457
4556058
12716010
13451045
13477883
13645645
18081228
21936988
25528801
29780253
28881
1914973
10357792
10838787
13423346
17255435
18246727
31140847
8088
8356487
11556960
17978680
20801166
25063781
14384
46799
2954411
7507908
10790290
12875355
13597728
13600318
15791085
18044277
28243032
30117284
45032
270730
16074758
18242896
20588698
20706284
21411058
92303
5199022
6468666
12974372
16054217
17158513
17449197
20613491
22465605
22926485
28245707
902
23228
40158
51496
10032672
11447921
13489919
16002136
28356624
2679633
9565045
10128428
12637490
13643163
16065004
21416690
22896551
887877
5056084
9166877
9297774
12900174
13227454
15724654
15812814
16131077
17334079
18079776
22733729
23355069
25667918
29749085
7295501
8379374
9439989
13413589
17237214
24473763
25074849
10692
334176
872333
1118668
6080337
7624272
8581936
12180248
12444297
13138736
13545075
17202452
18693716
19208103
23492282
23677341
2623
3431
8517207
11721314
13089710
17342701
20345202
21396155
25812109
27904311
13642
91478
5604848
8058301
9266776
12351649
20926278
2165
3473
4381
43763
11861062
12383869
15739018
16001893
17455815
46202
83369
114166
7129598
16060716
16134782
18806240
19090384
20643052
110391
147865
389627
6909544
16029994
17883441
24044596
82434
1966969
10859509
12578294
16176440
30253864
60931
331920
5098079
8492856
23299513
49552
169756
991197
6512140
10137823
16007855
16101126
23012877
29519517
5043
9516
3228917
4070493
7137775
9581001
10079321
10677277
11227041
18406862
22522808
23129410
25944798
26156987
3570231
8683812
10407279
12368985
12924275
12296
11192642
17756559
23719270
25041504
26247008
1254951
1902241
7896345
12157365
13517535
19286623
15993203
20819685
930
476543
6547258
6587387
8659601
16090981
21457243
161426
6584188
13628209
16085457
17670709
24876258
29868610
960
2744
149267
6597651
7095831
12216302
25489025
25686927
1845
2493
37435
6584134
13448656
10592
168642
15832316
22843341
12842134
13129925
17470674
17563080
17623975
18295852
29008738
30095464
34
15796700
18090508
22611920
29237211
45107
1158967
5664985
7108001
17448960
25893582
21326
21996
28194
153025
235718
2890090
3213286
9859436
13223520
16172634
17158532
18134249
20522640
24485589
69136
76620
227463
8705784
11043618
21969786
22698568
27071490
78418
11479285
17333319
21524446
21979832
31451174
830
7048800
12283261
17020
110494
140077
10746542
13132816
13605723
16115612
18666047
19486421
24612624
26114463
27272506
28954189
1953
2998
236093
2967752
2986865
18052985
18667779
7126
307791
6329547
7864587
9644151
11594337
16140036
23587984
10987
24765
954674
3227063
7091488
8492319
13112869
13572249
20504754
29991719
91476
1629601
7664041
39988
118944
10112885
10357575
27840861
7778981
18373
9897164
12119529
13578175
22822858
23341894
24612118
77566
7046495
10600242
15704486
41899
852470
6315602
11410430
12950372
22609317
89717
16109563
18360128
21853636
8127
13612739
15795357
15797938
30264
162085
9182478
15811545
17849112
18367581
25489134
138398
13522285
13536860
22875451
32075662
22232
38709
168668
6538757
10637748
12930909
13565914
13597723
17404295
18336965
2355575
6294549
30226723
7604
17332218
1162022
1661957
9284655
14060046
16075962
17406847
23207027
24807186
6280118
18465566
6867
51738
249747
11178225
15768191
16163690
18297707
23203106
25852870
2187
27266
234225
16303287
7719355
9637479
13324841
17562900
23017947
31450852
1240662
2153405
7540092
50398
18812405
22465597
28962906
30555488
32145
10836728
17910048
24337
25179
12936
33724
6043849
6314763
15704001
20578940
11588
6320534
12444166
17332556
17333880
7331435
9369720
21418013
26365537
11918
944073
8706185
10140661
10756656
16000044
18209454
21469068
21570318
26721568
7082
39999
10445208
16068780
18051352
21793182
11250053
12614410
13643567
17331828
26114135
29772863
9579634
12299419
248483
1412138
11861815
8680278
1934
178476
13406425
20727654
100915
102868
8428195
9397967
10993282
18080920
5759
297673
9802372
11431896
13183957
17337562
17802724
2702704
16122034
17661416
18301124
6342491
23272028
1137215
18339662
21412202
14935
5310515
23164983
29367958
9615347
11112619
12401556
13477676
18126198
25372801
30075802
42898
285205
7842288
13596166
25489625
10345937
10401084
15820748
15985348
18104607
6261522
11983940
28374007
26156203
28588345
17926775
20575446
2168860
15731779
20705702
228665
10816908
12396528
29236299
10569
68427
4447622
17673307
9305362
6514
213753
231804
6969
12842115
18813642
48855
12649718
7766027
16131489
21569527
31931941
32571395
9279177
13533650
15704459
25644601
7402393
10803121
21535271
4588
304027
13326831
15729539
24751478
5364
9761778
13450339
17455585
28876
518848
3153910
8559047
13514612
20518872
28187230
33232571
248704
6050298
17233800
6448470
17332969
7937462
17453983
12881778
7039218
17564519
28862528
29519514
2156
8664353
10959277
29385546
14201
2800905
13517455
15990969
13312527
15777621
30256248
51737
6137154
17200687
4345498
9761771
11071466
13254289
25735012
344262
18660669
26860475
1617
17245
12291438
12600138
12875258
16130549
26073150
10798418
12043771
13138734
13539044
23301545
18135
4932435
6574102
7514925
13049981
27003
1811543
11559200
16248113
24422492
24768
5152478
13596809
15818107
17983690
6411961
6479550
13581990
9888775
13570854
30724132
10616322
11250317
11454587
24763621
26025580
2536134
6587879
7740152
13453029
10345927
11381643
890
16150831
17331518
8306761
8573642
11544421
12513614
68429
3819326
23093359
28449207
29396738
91477
10637766
18775247
9943270
12476820
21393526
128029
9462795
19536001
25454883
6087756
15863832
10917
43615
17340050
46756
12751687
13574417
16073738
17199504
29044
11300302
27774758
8855321
18879761
28204534
11096647
25733990
37442
2767793
9591398
6218281
6604794
7137327
12507214
16113791
18140047
3432478
9736930
20312462
35247769
9462812
24120519
21480930
6437061
18498558
19542841
24934065
7090447
23848559
51964
11366397
13561164
15784909
17029526
18593175
6933876
35729
2914097
6892870
89724
472331
8709524
9917938
42900
119322
6990472
13158800
24529123
544891
11594257
3975774
14288998
4502507
968
7736182
19057
8709528
23308087
25564665
18079804
7445
448873
5297
16034235
10866624
6050678
18304322
40440
18166936
12425532
6690798
11563110
15790873
23009402
5060378
8520610
12868761
25451555
5129
6185
12432220
18712886
13519397
30312891
9659607
12033455
15711341
19501
23705512
13548456
18693763
24445517
8788554
9409458
9533378
7624
237209
305234
19161852
20299683
15844362
17333324
20639274
30653853
20821614
18966806
4981
17617277
18774964
22910900
26893819
8685612
18302455
18500665
23305614
9673436
18131
13615258
3682
21787
7235533
9833184
18490
13253276
6408862
29283884
4214
13496084
27252717
17838528
7094569
8428064
14050
10874177
17286849
7824322
25486998
113436
6294
16299
7619057
12394100
26252859
5821978
7719245
23846013
49628
13644055
7304203
12262741
16151178
1232
7741325
22318578
15819028
17061
7747064
11988046
6493208
7600924
18298225
16793
9681214
17212231
22840421
20958632
27190613
10929432
25614492
16150830
157993
9413044
18659623
6654313
23093367
8709526
8835379
9794437
18214414
25883848
127455
15790842
1421990
13526165
18660447
21853621
17934530
18143950
17182126
7747374
16056408
12067
12232938
16102004
71811
15760001
30183
13055592
18635016
28458598
78411
5899779
12983100
20309175
16081272
6288
14497
16131484
21414439
7791997
18293427
66559
439288
15768409
25203675
693208
15745950
12680907
112750
29939230
561456
2728527
24817626
4268157
16070903
17565845
7613
11808950
11925514
10210
77203
23299512
11
301082
2120932
19358975
15724396
13455782
18335634
9464733
9520360
428263
16278318
6334
28678119
8709523
17333223
20443235
6479259
10644930
11614718
18243700
11408650
18053060
4407
62291
19288043
19486412
12127750
18966819
7664334
9418327
38619
26074181
19351043
23513349
1215032
13125947
25558608
5996153
8475505
16034964
20898019
9680718
12127810
17314430
17234658
25689074
5907
10215349
20443207
10572
13644052
12954620
12700353
865
10335308
20983362
25526296
7728889
13623150
10429092
16429619
49750
68428
13449693
8591107
13497
18705209
2118745
10664113
15283043
12813630
47212
12558285
2802316
17571564
28763485
29069989
8908
7488244
764347
24378015
25111004
1618
5886881
1
42899
16181775
49041
11857408
18189606
12294652
6527740
8709527
13638125
20910157
60510
17131869
22918050
7864437
5287473
17399160
23308084
2282133
11387515
24770
5107
43641
6567017
10194514
28186
8525590
7686667
13362536
27833670
2
13372690
22609310
9593913
23174274
10626594
7631105
10798416
1885
15858248
1162543
32075671
6131164
8667848
20764879
24920901
17383918
13538873
2429135
20698530
6
13497818
6931356
27883214
2657
8235178
13188676
13262783
13047090
16160797
6487308
17235026
25494343
27362503
13618440
18584855
9593911
5470
6381205
17788401
345627
5
13414446
20820994
14290364
23766634
9565548
28260587
7937843
6304335
9961796
20821111
8492825
23734628
2213661
8909152
15881
9378297
13138635
4667024
15749186
1656001
6101718
22299763
18081809
8755776
6482837
10576365
9627755
13104080
15717943
16069030
22328546
186074
17878931
20560137
6339664
15839984
6644117
375802
20170404
4671
17378508
14061957
4374400
6068551
6442769
19547856
6752378
11500217
18143977
17378527
8755785
22489107
10025305
18006496
10964
1217100
12812550
13496
18710190
16248068
18460392
15839976
3777732
136251
1582996
8442457
12000020
15704307
11505797
3636
14061955
38447
3236307
8621462
22628
17347389
10429045
22544764
20613470
7171637
12578077
9275658
22055262
3
99561
28187
7735333
18798983
6936382
17675462
18692431
17927395
41865
17167166
16101128
8306857
15507958
23395680
7896527
13206900
6186357
15783514
19063
10818853
16143347
13206828
10507293
9361589
9969571
23437156
13335037
10194157
8490112
13206760
22557272
256683
15745753
18007564
16068905
9460487
6148028
11735983
16096824
29056083
7260188
2767052
11235712
11870085
